#Field of view. 
#Max FPS
FOV: 70.0
FPS: 120
renderDistance: 12
key_console: 96
key_clear: 295
sensitivity: 0.800000011920929
username: brett
ip: 72.39.134.185
samples: 4
anisotropy: 4
vsync: 0
music: 0.551612913608551
